LandisData "Base Wind"			

Timestep 5				


>> ecoregion	MaxSize	MeanSize MinSize	WRP

>>--------------------------------------------------------------------				
eco1021    400	20	1	600
eco1051    400	20	1	600
eco1081    400	20	1	600
eco1111    400	20	1	600
eco1141    400	20	1	600
eco1171    400	20	1	600
eco1201    400	20	1	600
eco1231    400	20	1	600
eco1261    400	20	1	600
eco1311    400	20	1	600
eco2021    400	20	1	600
eco2051    400	20	1	600
eco2081    400	20	1	600
eco2111    400	20	1	600
eco2141    400	20	1	600
eco2171    400	20	1	600
eco2201    400	20	1	600
eco2231    400	20	1	600
eco2261    400	20	1	600
eco2311    400	20	1	600
eco3021    400	20	1	600
eco3051    400	20	1	600
eco3081    400	20	1	600
eco3111    400	20	1	600
eco3141    400	20	1	600
eco3171    400	20	1	600
eco3201    400	20	1	600
eco3231    400	20	1	600
eco3261    400	20	1	600
eco3311    400	20	1	600
eco4021    400	20	1	600
eco4051    400	20	1	600
eco4081    400	20	1	600
eco4111    400	20	1	600
eco4141    400	20	1	600
eco4171    400	20	1	600
eco4201    400	20	1	600
eco4231    400	20	1	600
eco4261    400	20	1	600
eco4311    400	20	1	600
eco5021    400	20	1	600
eco5051    400	20	1	600
eco5081    400	20	1	600
eco5111    400	20	1	600
eco5141    400	20	1	600
eco5171    400	20	1	600
eco5201    400	20	1	600
eco5231    400	20	1	600
eco5261    400	20	1	600
eco5311    400	20	1	600
eco6021    400	20	1	600
eco6051    400	20	1	600
eco6081    400	20	1	600
eco6111    400	20	1	600
eco6141    400	20	1	600
eco6171    400	20	1	600
eco6201    400	20	1	600
eco6231    400	20	1	600
eco6261    400	20	1	600
eco6311    400	20	1	600
eco7021    400	20	1	600
eco7051    400	20	1	600
eco7081    400	20	1	600
eco7111    400	20	1	600
eco7141    400	20	1	600
eco7171    400	20	1	600
eco7201    400	20	1	600
eco7231    400	20	1	600
eco7261    400	20	1	600
eco7311    400	20	1	600
eco8021    400	20	1	600
eco8051    400	20	1	600
eco8081    400	20	1	600
eco8111    400	20	1	600
eco8141    400	20	1	600
eco8171    400	20	1	600
eco8201    400	20	1	600
eco8231    400	20	1	600
eco8261    400	20	1	600
eco8311    400	20	1	600
eco5110    400	20	1	600



WindSeverities				

>>		Cohort Age		Mortality
>>Severity 	% of longevity		Probability	
>>-----------------------------------------------------				
5		0% to 20%		0.05
4		20% to 50%		0.1
3		50% to 70%		0.3
2		70% to 85%		0.5
1		85% to 100%		0.65


MapNames output/wind/severity-{timestep}.img
LogFile output/wind/log.csv